0 	 -476.00000000 	 226576.00000000 	 -34.00000000 	 1156.00000000 
1 	 -456.00000000 	 207936.00000000 	 -52.00000000 	 2704.00000000 
2 	 -432.00000000 	 186624.00000000 	 -22.00000000 	 484.00000000 
3 	 -496.00000000 	 246016.00000000 	 -62.00000000 	 3844.00000000 
4 	 -496.00000000 	 246016.00000000 	 -70.00000000 	 4900.00000000 
5 	 -492.00000000 	 242064.00000000 	 -52.00000000 	 2704.00000000 
6 	 -496.00000000 	 246016.00000000 	 -76.00000000 	 5776.00000000 
7 	 -500.00000000 	 250000.00000000 	 -64.00000000 	 4096.00000000 
8 	 -508.00000000 	 258064.00000000 	 -64.00000000 	 4096.00000000 
9 	 -496.00000000 	 246016.00000000 	 -86.00000000 	 7396.00000000 
10 	 -512.00000000 	 262144.00000000 	 -72.00000000 	 5184.00000000 
11 	 -508.00000000 	 258064.00000000 	 -76.00000000 	 5776.00000000 
12 	 -464.00000000 	 215296.00000000 	 -80.00000000 	 6400.00000000 
13 	 -504.00000000 	 254016.00000000 	 -108.00000000 	 11664.00000000 
14 	 -524.00000000 	 274576.00000000 	 -90.00000000 	 8100.00000000 
15 	 -512.00000000 	 262144.00000000 	 -104.00000000 	 10816.00000000 
16 	 -524.00000000 	 274576.00000000 	 -128.00000000 	 16384.00000000 
17 	 -548.00000000 	 300304.00000000 	 -162.00000000 	 26244.00000000 
18 	 -572.00000000 	 327184.00000000 	 -150.00000000 	 22500.00000000 
19 	 -548.00000000 	 300304.00000000 	 -136.00000000 	 18496.00000000 
20 	 -548.00000000 	 300304.00000000 	 -142.00000000 	 20164.00000000 
21 	 -580.00000000 	 336400.00000000 	 -164.00000000 	 26896.00000000 
22 	 -632.00000000 	 399424.00000000 	 -164.00000000 	 26896.00000000 
23 	 -612.00000000 	 374544.00000000 	 -168.00000000 	 28224.00000000 
24 	 -580.00000000 	 336400.00000000 	 -172.00000000 	 29584.00000000 
25 	 -552.00000000 	 304704.00000000 	 -150.00000000 	 22500.00000000 
26 	 -536.00000000 	 287296.00000000 	 -136.00000000 	 18496.00000000 
27 	 -556.00000000 	 309136.00000000 	 -148.00000000 	 21904.00000000 
28 	 -488.00000000 	 238144.00000000 	 -140.00000000 	 19600.00000000 
29 	 -520.00000000 	 270400.00000000 	 -120.00000000 	 14400.00000000 
30 	 -588.00000000 	 345744.00000000 	 -126.00000000 	 15876.00000000 
31 	 -600.00000000 	 360000.00000000 	 -148.00000000 	 21904.00000000 
32 	 -572.00000000 	 327184.00000000 	 -162.00000000 	 26244.00000000 
33 	 -604.00000000 	 364816.00000000 	 -188.00000000 	 35344.00000000 
34 	 -548.00000000 	 300304.00000000 	 -158.00000000 	 24964.00000000 
35 	 -548.00000000 	 300304.00000000 	 -138.00000000 	 19044.00000000 
36 	 -596.00000000 	 355216.00000000 	 -144.00000000 	 20736.00000000 
37 	 -584.00000000 	 341056.00000000 	 -152.00000000 	 23104.00000000 
38 	 -592.00000000 	 350464.00000000 	 -154.00000000 	 23716.00000000 
39 	 -588.00000000 	 345744.00000000 	 -168.00000000 	 28224.00000000 
40 	 -584.00000000 	 341056.00000000 	 -164.00000000 	 26896.00000000 
41 	 -564.00000000 	 318096.00000000 	 -158.00000000 	 24964.00000000 
42 	 -592.00000000 	 350464.00000000 	 -156.00000000 	 24336.00000000 
43 	 -576.00000000 	 331776.00000000 	 -164.00000000 	 26896.00000000 
44 	 -552.00000000 	 304704.00000000 	 -168.00000000 	 28224.00000000 
45 	 -580.00000000 	 336400.00000000 	 -188.00000000 	 35344.00000000 
46 	 -592.00000000 	 350464.00000000 	 -210.00000000 	 44100.00000000 
47 	 -576.00000000 	 331776.00000000 	 -204.00000000 	 41616.00000000 
48 	 -548.00000000 	 300304.00000000 	 -216.00000000 	 46656.00000000 
49 	 -580.00000000 	 336400.00000000 	 -258.00000000 	 66564.00000000 
50 	 -596.00000000 	 355216.00000000 	 -266.00000000 	 70756.00000000 
51 	 -572.00000000 	 327184.00000000 	 -272.00000000 	 73984.00000000 
52 	 -592.00000000 	 350464.00000000 	 -286.00000000 	 81796.00000000 
53 	 -636.00000000 	 404496.00000000 	 -308.00000000 	 94864.00000000 
54 	 -616.00000000 	 379456.00000000 	 -310.00000000 	 96100.00000000 
55 	 -580.00000000 	 336400.00000000 	 -278.00000000 	 77284.00000000 
56 	 -624.00000000 	 389376.00000000 	 -296.00000000 	 87616.00000000 
57 	 -668.00000000 	 446224.00000000 	 -318.00000000 	 101124.00000000 
58 	 -640.00000000 	 409600.00000000 	 -302.00000000 	 91204.00000000 
59 	 -592.00000000 	 350464.00000000 	 -286.00000000 	 81796.00000000 
60 	 -600.00000000 	 360000.00000000 	 -310.00000000 	 96100.00000000 
61 	 -616.00000000 	 379456.00000000 	 -324.00000000 	 104976.00000000 
62 	 -648.00000000 	 419904.00000000 	 -344.00000000 	 118336.00000000 
63 	 -648.00000000 	 419904.00000000 	 -328.00000000 	 107584.00000000 
64 	 -628.00000000 	 394384.00000000 	 -326.00000000 	 106276.00000000 
65 	 -664.00000000 	 440896.00000000 	 -342.00000000 	 116964.00000000 
66 	 -700.00000000 	 490000.00000000 	 -356.00000000 	 126736.00000000 
67 	 -696.00000000 	 484416.00000000 	 -360.00000000 	 129600.00000000 
68 	 -700.00000000 	 490000.00000000 	 -362.00000000 	 131044.00000000 
69 	 -716.00000000 	 512656.00000000 	 -364.00000000 	 132496.00000000 
70 	 -740.00000000 	 547600.00000000 	 -372.00000000 	 138384.00000000 
71 	 -724.00000000 	 524176.00000000 	 -366.00000000 	 133956.00000000 
72 	 -692.00000000 	 478864.00000000 	 -368.00000000 	 135424.00000000 
73 	 -696.00000000 	 484416.00000000 	 -354.00000000 	 125316.00000000 
74 	 -684.00000000 	 467856.00000000 	 -344.00000000 	 118336.00000000 
75 	 -724.00000000 	 524176.00000000 	 -360.00000000 	 129600.00000000 
76 	 -732.00000000 	 535824.00000000 	 -372.00000000 	 138384.00000000 
77 	 -720.00000000 	 518400.00000000 	 -374.00000000 	 139876.00000000 
78 	 -712.00000000 	 506944.00000000 	 -374.00000000 	 139876.00000000 
79 	 -708.00000000 	 501264.00000000 	 -370.00000000 	 136900.00000000 
80 	 -680.00000000 	 462400.00000000 	 -358.00000000 	 128164.00000000 
81 	 -720.00000000 	 518400.00000000 	 -376.00000000 	 141376.00000000 
82 	 -728.00000000 	 529984.00000000 	 -380.00000000 	 144400.00000000 
83 	 -724.00000000 	 524176.00000000 	 -378.00000000 	 142884.00000000 
84 	 -712.00000000 	 506944.00000000 	 -370.00000000 	 136900.00000000 
85 	 -708.00000000 	 501264.00000000 	 -370.00000000 	 136900.00000000 
86 	 -692.00000000 	 478864.00000000 	 -366.00000000 	 133956.00000000 
87 	 -672.00000000 	 451584.00000000 	 -360.00000000 	 129600.00000000 
88 	 -688.00000000 	 473344.00000000 	 -362.00000000 	 131044.00000000 
89 	 -720.00000000 	 518400.00000000 	 -372.00000000 	 138384.00000000 
90 	 -736.00000000 	 541696.00000000 	 -382.00000000 	 145924.00000000 
91 	 -732.00000000 	 535824.00000000 	 -382.00000000 	 145924.00000000 
92 	 -768.00000000 	 589824.00000000 	 -392.00000000 	 153664.00000000 
93 	 -720.00000000 	 518400.00000000 	 -378.00000000 	 142884.00000000 
94 	 -660.00000000 	 435600.00000000 	 -360.00000000 	 129600.00000000 
95 	 -676.00000000 	 456976.00000000 	 -356.00000000 	 126736.00000000 
96 	 -696.00000000 	 484416.00000000 	 -366.00000000 	 133956.00000000 
97 	 -672.00000000 	 451584.00000000 	 -354.00000000 	 125316.00000000 
98 	 -684.00000000 	 467856.00000000 	 -358.00000000 	 128164.00000000 
99 	 -692.00000000 	 478864.00000000 	 -360.00000000 	 129600.00000000 
